10
 0.042672784317306416 0.7654178552702625 -0.2860332478391284 0.05097332896967893 0.02 10 212 132 195
 0.7539700753880386 0.3309580819794568 0.110676106672899632 -0.19942847050170725 0.02 10 77 70 131
 0.5693743292600613 0.8582692954326814 -0.323618764330909014 0.29717074648000281 0.02 10 69 182 157
 0.7564833551290755 0.3725526271686985 0.4924973226974307 -0.538003227413041804 0.02 10 117 252 51
 0.6658559627340392 0.20007792878420952 0.2722542357320046 0.06913266535281212 0.02 10 144 87 210
 0.370298776231605 0.9075169837968818 -0.11711265879169182 -0.28820656087603474 0.02 10 124 199 7
 0.2533522357175832 0.9771946111457399 -0.37477859627671363 -0.36639398721935799 0.02 10 120 63 218
 0.9257258526124701 0.6670078897136696 0.21607393488673038 -0.19869968904336605 0.02 10 115 203 47
 0.36843270287366187 0.30376310740801815 -0.05820353210393242 0.28131635045073351 0.02 10 237 124 61
 0.801373031132343 0.7386809860491177 -0.16485944495502547 -0.17611341800317485 0.02 10 30 224 169